[LEFT_CAM_2K]
fx=1400.67
fy=1400.22
cx=1091.67
cy=650.468
k1=-0.175077
k2=0.0273877
p1=-0.000165871
p2=0.000255485
k3=-2.82099e-11

[RIGHT_CAM_2K]
fx=1395.93
fy=1395.74
cx=1058.54
cy=590.135
k1=-0.173627
k2=0.0270535
p1=-5.08295e-06
p2=2.44971e-05
k3=2.6102e-10

[LEFT_CAM_FHD]
fx=1400.67
fy=1400.22
cx=947.67
cy=569.468
k1=-0.175077
k2=0.0273877
p1=-0.000165871
p2=0.000255485
k3=-2.82099e-11

[RIGHT_CAM_FHD]
fx=1395.93
fy=1395.74
cx=914.54
cy=509.135
k1=-0.173627
k2=0.0270535
p1=-5.08295e-06
p2=2.44971e-05
k3=2.6102e-10

[LEFT_CAM_HD]
fx=700.335
fy=700.11
cx=632.335
cy=373.234
k1=-0.175077
k2=0.0273877
p1=-0.000165871
p2=0.000255485
k3=-2.82099e-11

[RIGHT_CAM_HD]
fx=697.965
fy=697.87
cx=615.77
cy=343.0675
k1=-0.173627
k2=0.0270535
p1=-5.08295e-06
p2=2.44971e-05
k3=2.6102e-10

[LEFT_CAM_VGA]
fx=350.1675
fy=350.055
cx=331.6675
cy=194.117
k1=-0.175077
k2=0.0273877
p1=-0.000165871
p2=0.000255485
k3=-2.82099e-11

[RIGHT_CAM_VGA]
fx=348.9825
fy=348.935
cx=323.385
cy=179.03375
k1=-0.173627
k2=0.0270535
p1=-5.08295e-06
p2=2.44971e-05
k3=2.6102e-10

[STEREO]
Baseline=62.9368
TY=-0.125483
TZ=-0.0796112
CV_2K=0.00635968
CV_FHD=0.00635968
CV_HD=0.00635968
CV_VGA=0.00635968
RX_2K=0.00026085
RX_FHD=0.00026085
RX_HD=0.00026085
RX_VGA=0.00026085
RZ_2K=-0.000528242
RZ_FHD=-0.000528242
RZ_HD=-0.000528242
RZ_VGA=-0.000528242

